8
2
2
0
2
4
7
9
9
7
4
7
9
9
9
2
2
6
0
2
2
2
9
1
2
1
8
2
9
2
2
3
4
9
4
7
7
4
7
9
7
4
7
9
9
4
4
4
4
7
9
4
9
7
9
7
7
0
4
9
1
9
9
4
4
1
4
9
9
4
4
9
7
7
9
7
4
9
7
7
7
9
7
9
7
1
5
5
3
5
0
3
5
0
7
5
6
5
7
5
5
5
9
7
6
4
7
4
7
7
4
5
5
7
8
5
0
5
5
7
0
6
5
5
5
0
1
5
1
8
0
3
8
9
3
3
3
8
6
3
6
3
6
6
6
3
5
5
7
5
1
3
5
0
1
5
8
5
5
8
5
9
3
6
3
3
8
2
3
6
8
6
6
3
8
3
6
6
6
8
3
3
0
3
8
3
6
6
6
6
3
6
6
3
3
3
3
8
6
6
3
3
8
3
8
3
6
8
8
6
6
6
8
6
8
8
8
6
6
6
8
3
2
2
2
2
2
2
0
0
2
2
2
2
2
2
2
1
2
2
2
2
2
2
2
2
2
6
3
2
2
9
2
2
9
9
7
7
4
7
4
4
4
7
7
7
9
7
4
7
4
9
9
4
4
7
4
7
7
7
9
4
9
7
9
7
7
4
4
4
7
7
9
4
7
4
4
9
9
4
9
4
7
9
4
4
4
9
4
9
4
9
7
7
9
7
9
5
5
5
5
5
8
5
5
0
5
4
5
5
7
5
5
0
6
0
0
8
6
3
6
8
3
8
6
8
6
8
8
3
6
3
