1
2
2
4
2
4
8
7
7
4
9
9
9
4
4
7
2
1
3
2
2
2
0
7
2
1
2
2
6
6
2
2
9
4
1
7
9
9
7
9
9
4
7
9
4
4
9
4
7
1
9
9
7
7
7
9
9
4
9
9
9
4
9
9
4
9
7
7
4
9
7
9
7
9
7
4
7
4
4
9
7
7
7
9
5
6
0
5
5
9
5
5
3
5
5
5
1
0
5
3
1
4
0
7
4
9
7
9
4
4
5
7
5
0
9
5
6
5
5
7
5
5
9
5
6
5
5
1
3
1
6
8
6
6
3
3
8
6
8
6
5
8
5
5
5
5
6
7
5
6
1
5
8
1
5
0
6
3
3
3
0
3
8
1
8
8
6
3
6
3
8
3
6
6
6
6
3
8
6
6
6
6
3
6
3
6
8
3
8
8
3
3
3
8
8
6
6
8
8
8
6
6
6
3
3
6
8
8
3
6
8
8
8
8
3
2
2
2
1
2
0
6
2
6
2
2
1
2
2
0
2
8
2
2
0
2
2
0
2
9
4
2
2
2
2
3
2
2
3
9
4
4
7
7
4
4
4
9
9
9
9
4
5
4
9
7
4
9
4
4
9
7
4
9
9
9
9
4
4
7
4
9
4
4
4
7
7
7
4
4
4
4
4
9
9
1
9
7
9
4
9
4
7
4
7
7
9
7
4
4
4
7
5
5
5
5
3
0
5
4
5
5
1
5
1
5
5
5
6
3
6
6
6
3
3
3
6
8
8
8
3
6
8
3
8
6
6
8
8
6
8
3
